0 0.984548 0.787432 0.0203423 0.0428874
0 0.93531 0.438663 0.0205584 0.0414647
0 0.111682 0.898339 0.0314543 0.0296107
0 0.954425 0.295789 0.0313004 0.029399
0 0.0247327 0.407986 0.0228182 0.038298
0 0.309085 0.197074 0.0310235 0.0287488
0 0.584651 0.365302 0.030518 0.0321888
0 0.348676 0.774684 0.0238904 0.0325396
0 0.181439 0.25324 0.0288465 0.0251467
0 0.250905 0.28349 0.0218304 0.039389
0 0.741131 0.86885 0.0224957 0.0351379
0 0.374817 0.535823 0.0214008 0.0381917
0 0.162261 0.421458 0.0277247 0.0306377
0 0.906399 0.305034 0.0197975 0.0376249
0 0.950238 0.774914 0.0289431 0.0264411
0 0.277566 0.522577 0.0294036 0.0261859
0 0.7463 0.801274 0.020848 0.0360219
0 0.0484458 0.034443 0.0197083 0.0406193
0 0.0981895 0.272129 0.0212783 0.0391703
0 0.600413 0.0497625 0.0217281 0.0368081
0 0.8647 0.760346 0.0352291 0.0279446
0 0.736199 0.344764 0.02679 0.0271135
0 0.118363 0.930775 0.022061 0.0390048
0 0.12266 0.657101 0.0224113 0.0396695
0 0.356381 0.66397 0.0297349 0.0294693
0 0.447656 0.0480859 0.0180269 0.0417361
0 0.483613 0.391584 0.0202787 0.039149
0 0.695269 0.29249 0.026479 0.0271447
0 0.837596 0.162632 0.019957 0.0310136
0 0.13905 0.0925254 0.0217312 0.0374458
0 0.359411 0.415556 0.0213395 0.0370063
0 0.944138 0.582332 0.0302771 0.0365153
0 0.106892 0.604225 0.0219559 0.0362628
0 0.601781 0.0165138 0.0216172 0.0321242
0 0.640126 0.852866 0.0229353 0.0297834
0 0.84014 0.521273 0.0232174 0.0305028
0 0.264887 0.890166 0.0224943 0.0376851
0 0.0739344 0.433197 0.027262 0.0406364
0 0.779716 0.221471 0.02398 0.0337673
0 0.941776 0.929292 0.0324554 0.0294125
0 0.237256 0.741083 0.0183703 0.038426
0 0.28822 0.814471 0.021912 0.0364978
0 0.824598 0.0834541 0.0241077 0.0454953
0 0.0659345 0.773048 0.031222 0.0261113
0 0.6202 0.337812 0.0249866 0.0327578
0 0.688489 0.542336 0.0224313 0.0329105
0 0.0165162 0.969675 0.0299104 0.0343999
0 0.27966 0.0732319 0.0311196 0.0281456
0 0.230109 0.264903 0.0290778 0.0252441
0 0.906478 0.0992499 0.0240643 0.0329362
0 0.142543 0.714539 0.0196567 0.0412333
0 0.12057 0.370726 0.0318593 0.0306165
0 0.248681 0.494928 0.0257785 0.0311983
0 0.827722 0.315376 0.0291168 0.0245159
0 0.673564 0.0889272 0.0269506 0.0232414
0 0.469119 0.472448 0.023256 0.0338575
0 0.79493 0.959 0.0236409 0.0355629
0 0.561904 0.0159704 0.0202528 0.0315604
0 0.446632 0.552781 0.0231661 0.0274033
0 0.387889 0.728399 0.0233519 0.0313782
0 0.534224 0.263774 0.0247299 0.0277048
0 0.520385 0.499704 0.0225141 0.0443831
0 0.0438321 0.584807 0.0296955 0.0270719
0 0.211041 0.588243 0.0288241 0.0251142
0 0.976088 0.460525 0.0211464 0.0397065
0 0.380291 0.967333 0.0257605 0.0329308
0 0.784026 0.312612 0.0182752 0.0464151
0 0.68139 0.416782 0.0177997 0.0410851
0 0.88421 0.316331 0.0296614 0.030707
0 0.939823 0.199788 0.0233875 0.0395468
0 0.728148 0.268319 0.0184347 0.0398129
0 0.165999 0.0770038 0.0285431 0.0272041
0 0.552812 0.486324 0.0281775 0.0301155
0 0.773744 0.891503 0.0188139 0.0385268
0 0.282049 0.389367 0.0201446 0.0396191
0 0.582071 0.545793 0.0207121 0.0375334
0 0.960113 0.545029 0.0206421 0.0414019
0 0.352989 0.874002 0.0313639 0.0275216
0 0.326351 0.405907 0.0298689 0.0303249
0 0.921603 0.535702 0.0310398 0.0292358
0 0.546409 0.774651 0.02741 0.0251483
0 0.415729 0.505141 0.0257758 0.0278498
0 0.0216098 0.221955 0.0295992 0.0277721
0 0.958546 0.710862 0.0232471 0.0422279
0 0.113428 0.305319 0.0301355 0.025773
0 0.756606 0.479635 0.0231386 0.0341722
0 0.40818 0.344452 0.0241249 0.0337841
0 0.940806 0.840921 0.02628 0.0321457
0 0.306153 0.365506 0.0180196 0.0398088
0 0.35869 0.974444 0.0229458 0.0318605
0 0.898639 0.134317 0.0254795 0.0281141
0 0.118419 0.137834 0.026452 0.0329667
0 0.985975 0.894978 0.0217218 0.0443845
0 0.752595 0.580106 0.015417 0.0382245
0 0.139187 0.549775 0.0270369 0.0237679
0 0.0100677 0.209294 0.0201353 0.0245114
0 0.520641 0.7867 0.0261355 0.0281082
0 0.201635 0.941703 0.0319821 0.0250933
0 0.86344 0.226903 0.0193058 0.0364168
0 0.929428 0.731943 0.023082 0.03184
0 0.324921 0.453407 0.0390835 0.0314083
0 0.831469 0.469008 0.0227673 0.03495
0 0.691525 0.480665 0.0269791 0.0299974
0 0.279679 0.146029 0.0320775 0.0273826
0 0.276054 0.578913 0.0269201 0.0251667
0 0.986003 0.947437 0.0269569 0.0265725
0 0.503322 0.141216 0.0234958 0.0345963
0 0.658775 0.420197 0.0229572 0.0352153
0 0.076448 0.507894 0.0201474 0.0407856
0 0.877256 0.7972 0.0205032 0.0300652
0 0.454342 0.29521 0.0217531 0.0294258
0 0.901201 0.809804 0.0214249 0.0358175
0 0.213189 0.833796 0.0221874 0.0294408
0 0.654796 0.45818 0.0226385 0.04114
0 0.779953 0.389572 0.0253127 0.0248533
0 0.770812 0.554504 0.0222197 0.0296687
0 0.761669 0.925742 0.021489 0.0426501
0 0.878228 0.351599 0.0220337 0.0269066
0 0.358549 0.307891 0.0241481 0.0409193
0 0.172201 0.250776 0.0252892 0.0272627
0 0.074382 0.0176026 0.020175 0.0352052
0 0.134979 0.219711 0.0344759 0.0322992
0 0.971268 0.154102 0.0190994 0.038934
0 0.0634646 0.822192 0.0193449 0.0350993
0 0.468329 0.069026 0.0277186 0.0305251
0 0.553777 0.254929 0.0268279 0.0296882
0 0.355199 0.255512 0.0257845 0.0334445
0 0.724923 0.758424 0.0355066 0.0282148
0 0.632812 0.603919 0.0278076 0.0270723
0 0.199132 0.272571 0.0222795 0.0219102
0 0.314686 0.333903 0.0270489 0.0311045
0 0.239703 0.662934 0.021189 0.0328735
0 0.501778 0.661392 0.0203524 0.0407722
0 0.880406 0.822232 0.026984 0.0304929
0 0.929757 0.677428 0.0186281 0.0390184
0 0.595904 0.621771 0.0242201 0.0307922
0 0.726103 0.752434 0.0363276 0.0390147
0 0.801275 0.366514 0.0209965 0.0336205
0 0.561248 0.985343 0.0279184 0.0275871
0 0.578288 0.501862 0.0232348 0.0298423
0 0.138841 0.121805 0.0232591 0.0224777
0 0.45497 0.322903 0.0195702 0.026849
0 0.10243 0.513867 0.0207153 0.0404813
0 0.444366 0.339436 0.0199389 0.0368244
0 0.256444 0.418595 0.0246207 0.0323982
0 0.543372 0.987743 0.0251549 0.0235975
0 0.842771 0.204238 0.0248829 0.0270319
0 0.0713831 0.877221 0.0187472 0.0347778
0 0.992403 0.848115 0.0142872 0.0303857
0 0.107903 0.0189489 0.0227332 0.0330769
0 0.495381 0.782642 0.0245916 0.0230006
0 0.193364 0.893103 0.0218637 0.0306333
0 0.827488 0.494398 0.0283657 0.0227844
0 0.366539 0.567145 0.0148224 0.0330803
0 0.179339 0.539962 0.0199857 0.0364443
0 0.786721 0.0067104 0.0278963 0.0134208
0 0.728258 0.747355 0.0330599 0.0334432
0 0.575397 0.525545 0.0268322 0.0232424
0 0.197606 0.781391 0.0222705 0.0296303
0 0.348536 0.275859 0.0321251 0.0302329
0 0.133857 0.7969 0.0201806 0.0353622
0 0.38196 0.570238 0.0179513 0.0308519
0 0.133157 0.489153 0.0198292 0.0369516
0 0.129864 0.794476 0.0247998 0.0356838
0 0.313098 0.570333 0.0240195 0.0308749
0 0.121133 0.255781 0.0243841 0.0442932
0 0.0213384 0.401407 0.0252154 0.0342964
0 0.741464 0.47556 0.0159665 0.0317932
0 0.823909 0.337823 0.0293295 0.0223353
0 0.493801 0.964222 0.0281708 0.0330369
0 0.349279 0.526265 0.0156991 0.0299919
0 0.521589 0.680007 0.0296039 0.0300084
0 0.296164 0.505583 0.0219634 0.0307985
0 0.583024 0.423903 0.021706 0.0314533
0 0.123338 0.515847 0.0239118 0.0307301
0 0.363817 0.665657 0.0384826 0.0321631
0 0.181721 0.431349 0.0223063 0.0252184
0 0.0122838 0.388108 0.0199873 0.0290629
0 0.350755 0.27065 0.0295933 0.0289742
0 0.429 0.55148 0.0194296 0.02995
0 0.970914 0.169587 0.019191 0.033389
0 0.925677 0.754359 0.0234955 0.0260363
0 0.197191 0.808646 0.0186499 0.027592
0 0.286006 0.368243 0.0197551 0.0346205
0 0.784687 0.175917 0.0240529 0.0357472
0 0.153731 0.118904 0.0198583 0.0306537
0 0.769225 0.902414 0.0226957 0.0356163
0 0.0157935 0.381819 0.0257262 0.0357305
0 0.7024 0.258665 0.0251492 0.0258831
0 0.334217 0.576726 0.0197063 0.0310715
0 0.159151 0.545803 0.0203278 0.0306442
0 0.375477 0.969541 0.0260276 0.0333216
0 0.544681 0.777822 0.0247039 0.0253484
0 0.375342 0.59539 0.0177532 0.0241309
0 0.576348 0.630481 0.0219559 0.0214127
0 0.254892 0.387977 0.0300089 0.0325377
0 0.0137792 0.213706 0.0271069 0.0268977
0 0.0843634 0.889812 0.0200791 0.0217107
0 0.92869 0.738385 0.0241039 0.0385297
