0 0.747437 0.431672 0.0311633 0.026436
0 0.0377958 0.668816 0.032253 0.0140112
0 0.35668 0.384378 0.0258173 0.0119886
0 0.0631377 0.63006 0.0232551 0.0106727
0 0.286719 0.302041 0.0304001 0.0183948
0 0.350331 0.411598 0.0240163 0.0130642
0 0.159991 0.316652 0.015577 0.0247537
0 0.480341 0.813189 0.0325074 0.0132496
0 0.55259 0.599675 0.0295131 0.0264013
0 0.748902 0.519787 0.0195557 0.0218868
0 0.265327 0.838625 0.0311647 0.0143274
0 0.386458 0.690849 0.0283689 0.0192184
0 0.746785 0.402306 0.032253 0.0273434
0 0.431845 0.213625 0.0223032 0.0167651
0 0.440842 0.516379 0.0148569 0.0196442
0 0.43849 0.929126 0.0306943 0.0132366
0 0.180681 0.368479 0.0211257 0.0160386
0 0.751775 0.435639 0.0301804 0.0280273
0 0.993859 0.408816 0.0118742 0.0287834
0 0.807497 0.0653856 0.0209557 0.0210175
0 0.339818 0.38486 0.0229213 0.0119165
0 0.361208 0.468604 0.0211529 0.0327908
0 0.948485 0.791388 0.026448 0.0127039
0 0.379841 0.54259 0.0187723 0.0201233
0 0.928854 0.606549 0.0188075 0.0208062
0 0.780449 0.388778 0.0205477 0.0356282
0 0.552449 0.018798 0.0235743 0.0236884
0 0.284377 0.816919 0.0297812 0.0141174
0 0.410852 0.505157 0.0187405 0.0174825
0 0.156677 0.316059 0.0177984 0.0252448
0 0.178542 0.163506 0.0177188 0.0206395
0 0.112478 0.301812 0.0170742 0.0188178
0 0.0769572 0.731854 0.0128187 0.0195553
0 0.11153 0.351126 0.0187528 0.0265733
0 0.180445 0.756618 0.027543 0.0146037
0 0.0526681 0.667807 0.0277115 0.0125366
0 0.122915 0.300012 0.0163974 0.0203001
0 0.879542 0.790397 0.0218626 0.0176284
0 0.860344 0.0345063 0.0171479 0.0185855
0 0.325471 0.467864 0.022444 0.017306
0 0.404907 0.341133 0.0351893 0.0147577
0 0.921836 0.830328 0.0250677 0.0112261
0 0.00878901 0.776719 0.0153438 0.0199055
0 0.572831 0.309671 0.0185145 0.0155734
0 0.923141 0.8122 0.0222707 0.0121784
0 0.175986 0.946308 0.0262836 0.0109931
0 0.0251838 0.345075 0.0302452 0.0179782
0 0.891092 0.517553 0.0174116 0.0204946
0 0.3043 0.481236 0.0239992 0.0118825
0 0.184375 0.316631 0.0132585 0.0248441
0 0.18987 0.179098 0.0236705 0.0196908
0 0.0506536 0.281641 0.0249486 0.0242093
0 0.0322464 0.652688 0.0344473 0.0142767
0 0.276862 0.792697 0.0239666 0.0146986
0 0.0424175 0.580178 0.0170053 0.0139894
0 0.175963 0.382245 0.0280568 0.0164277
0 0.309216 0.3029 0.0242835 0.0143688
0 0.0559366 0.684995 0.0265593 0.0154922
0 0.425391 0.620101 0.0194612 0.0258806
0 0.223227 0.784076 0.0203292 0.0191292
0 0.091241 0.846668 0.0319572 0.0115633
0 0.490509 0.236565 0.0200072 0.022507
0 0.250411 0.30469 0.0153918 0.0267104
0 0.931896 0.62964 0.0201775 0.0160975
0 0.0791548 0.31969 0.017353 0.0160092
0 0.747372 0.0682579 0.0312334 0.0120728
0 0.828683 0.656645 0.0292517 0.0185703
0 0.146398 0.293804 0.0336708 0.0147093
0 0.993506 0.353794 0.0122409 0.0214125
0 0.990494 0.308713 0.0177373 0.0278607
0 0.0731471 0.534721 0.0129095 0.0211931
0 0.721141 0.596434 0.0186783 0.01407
0 0.377043 0.393682 0.0139359 0.0202652
0 0.42065 0.520671 0.0137767 0.0182652
0 0.177926 0.470699 0.0208924 0.0267054
0 0.194559 0.931576 0.022845 0.0102337
0 0.0240167 0.432282 0.0234179 0.0277782
0 0.989133 0.377001 0.0201314 0.0245279
0 0.55602 0.596702 0.0248578 0.0250237
0 0.489517 0.601699 0.0204252 0.0222905
0 0.957186 0.808528 0.0229406 0.00993019
0 0.549296 0.693594 0.0302115 0.0189576
0 0.00987941 0.72493 0.0189208 0.0277505
0 0.414639 0.210562 0.0171483 0.0204507
0 0.349244 0.385357 0.0274774 0.0134432
0 0.388528 0.00399718 0.0285078 0.00799436
0 0.525935 0.313489 0.0208777 0.020482
0 0.185474 0.0912622 0.0176788 0.0265713
0 0.778456 0.548226 0.01677 0.0213778
0 0.577977 0.544885 0.0275982 0.0256113
0 0.172531 0.450468 0.0160854 0.016753
0 0.413519 0.660344 0.0154613 0.0292931
0 0.722872 0.555317 0.0191193 0.0237184
0 0.113916 0.429343 0.0208932 0.0249689
0 0.115617 0.392557 0.0153939 0.0330413
0 0.419187 0.50475 0.0160613 0.0173555
0 0.051588 0.686671 0.0265232 0.0158452
0 0.894889 0.857503 0.0267822 0.0122196
0 0.916999 0.41043 0.019077 0.0199421
0 0.380826 0.440922 0.0225031 0.0165764
0 0.0769395 0.693739 0.0181226 0.0200996
0 0.171753 0.931739 0.025073 0.0107906
0 0.757076 0.547122 0.0178876 0.0164461
0 0.0399112 0.687347 0.0211878 0.0160894
0 0.53996 0.187088 0.0154297 0.0296705
0 0.351009 0.61309 0.0167786 0.0287201
0 0.0601537 0.570583 0.015439 0.0200802
0 0.992561 0.35049 0.0131992 0.0210651
0 0.112771 0.392407 0.0180152 0.0355624
0 0.20819 0.613781 0.0194935 0.0356758
0 0.908099 0.410849 0.0167971 0.0213023
0 0.553499 0.515628 0.0303104 0.0284066
0 0.01114 0.282458 0.02228 0.0209657
0 0.650588 0.00951592 0.0175029 0.0178467
0 0.377343 0.473377 0.0236211 0.0313052
0 0.0628588 0.333687 0.0186361 0.0220716
0 0.861814 0.00574136 0.0168037 0.0114827
0 0.27414 0.478964 0.0139528 0.0177213
0 0.443693 0.542639 0.0300532 0.0153548
0 0.881503 0.0373912 0.0182296 0.0220378
0 0.288148 0.791697 0.020781 0.0132302
0 0.980526 0.784977 0.0275795 0.0138368
0 0.658138 0.154567 0.0170765 0.0234924
0 0.261401 0.804302 0.0215577 0.0151352
0 0.229907 0.476797 0.0159621 0.0190686
0 0.117362 0.406258 0.0161515 0.0254972
0 0.991894 0.332252 0.0140367 0.022092
0 0.325786 0.756013 0.0255222 0.0200896
0 0.919406 0.0360032 0.0164836 0.0270789
0 0.1279 0.29977 0.0140749 0.0200436
0 0.28989 0.478837 0.0128517 0.0171478
0 0.0285893 0.628852 0.0291869 0.0165341
0 0.716282 0.0106416 0.0152445 0.0211835
0 0.254532 0.438437 0.0189233 0.0289053
0 0.546168 0.622512 0.0379569 0.0185968
0 0.923328 0.815014 0.022907 0.0114803
0 0.84161 0.0818951 0.0303245 0.013651
0 0.749964 0.0376237 0.0190362 0.0133177
0 0.761222 0.383121 0.0217013 0.028716
0 0.191235 0.369023 0.0173228 0.0197431
0 0.328902 0.397029 0.0184521 0.0234277
0 0.929183 0.0364821 0.0204333 0.0284029
0 0.158225 0.332907 0.02161 0.00938173
0 0.356589 0.468482 0.026644 0.0341383
0 0.305022 0.160932 0.0174168 0.0263972
0 0.505768 0.186504 0.0172897 0.0335218
0 0.993005 0.659075 0.0133113 0.0207116
0 0.0800398 0.668508 0.0214571 0.0165518
0 0.606797 0.0294339 0.0211827 0.0252765
0 0.100965 0.845005 0.0267227 0.0132221
0 0.757523 0.668399 0.0325106 0.0125438
0 0.750138 0.554775 0.0178126 0.0201763
0 0.115151 0.166508 0.0208351 0.0177789
0 0.715958 0.0406247 0.0221554 0.0210028
0 0.32021 0.759034 0.0163863 0.0193806
0 0.287793 0.432726 0.0200781 0.0149314
0 0.0439902 0.972756 0.0267526 0.0139685
0 0.904929 0.412087 0.017358 0.0194986
0 0.621564 0.244501 0.0215993 0.0207072
0 0.943073 0.809766 0.023775 0.0117069
0 0.159735 0.164585 0.0168917 0.0244647
0 0.843266 0.942303 0.0230947 0.0113289
0 0.449248 0.544939 0.0292241 0.0173396
0 0.858266 0.773232 0.0200278 0.0177728
0 0.081296 0.691492 0.0172125 0.0202169
0 0.922394 0.415901 0.0208468 0.0127201
0 0.219046 0.459625 0.0153647 0.017149
0 0.343762 0.477902 0.0310267 0.0190168
0 0.0747705 0.790482 0.0130065 0.0172693
0 0.729537 0.211966 0.0232304 0.0322803
0 0.874733 0.393637 0.0179409 0.0155176
0 0.751269 0.0148015 0.018345 0.0296029
0 0.328648 0.494137 0.0320769 0.00989165
0 0.260064 0.477963 0.0266346 0.0146956
0 0.219334 0.173075 0.0202598 0.0149188
0 0.929406 0.274029 0.0322805 0.018801
0 0.00609951 0.528087 0.011804 0.0219479
0 0.0231442 0.437127 0.0252097 0.0211063
0 0.904086 0.798273 0.0237701 0.0139683
0 0.143422 0.840799 0.0236644 0.0128815
0 0.157903 0.840756 0.0242318 0.0118868
0 0.6755 0.0518457 0.0316406 0.0126713
0 0.360365 0.854837 0.0276215 0.0117126
0 0.409607 0.00526399 0.0279517 0.0104025
0 0.0317658 0.628604 0.0286204 0.0206705
0 0.588533 0.17272 0.0215141 0.0131078
0 0.126141 0.253715 0.0279114 0.0117598
0 0.876609 0.038039 0.0202923 0.0219206
0 0.632393 0.107006 0.0252469 0.0187918
0 0.669306 0.31776 0.0209094 0.01415
0 0.284144 0.161926 0.0173346 0.0309013
0 0.585903 0.994775 0.0231044 0.00889169
0 0.520081 0.420925 0.0198555 0.0193251
0 0.106648 0.390057 0.018187 0.0343796
0 0.823833 0.00908959 0.0181015 0.0180017
0 0.304811 0.168717 0.0172082 0.0352028
0 0.839077 0.772763 0.0238666 0.0218938
0 0.419971 0.606564 0.0218175 0.0204544
0 0.882536 0.0584652 0.0160024 0.0211261
0 0.718843 0.525932 0.017955 0.0192
0 0.35819 0.491362 0.0233085 0.0155279
0 0.842499 0.774975 0.0299517 0.0258781
